{
  "advancedEditorSelectedIdentifier" : "ShaderGraphEditorPluginID",
  "openSceneRelativePaths" : [
    "BubbleScene.usda"
  ],
  "recentIdentifiers" : {
    "C9523ACD-3E03-4681-84D3-B9EBCDBEB497" : [

    ],
    "EB11645E-AF4B-411E-AE71-BAA2570CF878" : [

    ]
  },
  "sceneCameraHistory" : {
    "C9523ACD-3E03-4681-84D3-B9EBCDBEB497" : [
      {
        "date" : 760373106.991298,
        "title" : "Untitled",
        "transform" : [
          0.9997039,
          7.744948e-09,
          0.024335442,
          0,
          0.011597668,
          0.87913346,
          -0.47643435,
          0,
          -0.021394107,
          0.47657555,
          0.8788732,
          0,
          -0.004474789,
          0.437808,
          0.8760786,
          1
        ]
      },
      {
        "date" : 760373071.106774,
        "title" : "Untitled",
        "transform" : [
          0.9997039,
          7.744948e-09,
          0.024335442,
          0,
          0.011597668,
          0.87913346,
          -0.47643435,
          0,
          -0.021394107,
          0.47657555,
          0.8788732,
          0,
          -0.00039801002,
          0.43959007,
          0.8752116,
          1
        ]
      },
      {
        "date" : 760372619.456709,
        "title" : "Untitled",
        "transform" : [
          0.9997039,
          6.20037e-09,
          0.024335414,
          0,
          0.010864499,
          0.8948096,
          -0.44631574,
          0,
          -0.021775616,
          0.44644785,
          0.8945447,
          0,
          -0.36520734,
          0.40273798,
          1.0440426,
          1
        ]
      },
      {
        "date" : 760372498.694721,
        "title" : "Untitled",
        "transform" : [
          0.9997039,
          6.20037e-09,
          0.024335414,
          0,
          0.010864499,
          0.8948096,
          -0.44631574,
          0,
          -0.021775616,
          0.44644785,
          0.8945447,
          0,
          -0.35228077,
          0.5108473,
          0.9904021,
          1
        ]
      },
      {
        "date" : 760372477.465901,
        "title" : "Untitled",
        "transform" : [
          0.9997039,
          6.20037e-09,
          0.024335414,
          0,
          0.010864499,
          0.8948096,
          -0.44631574,
          0,
          -0.021775616,
          0.44644785,
          0.8945447,
          0,
          -0.014421374,
          0.5981675,
          0.95504695,
          1
        ]
      },
      {
        "date" : 760366366.834692,
        "title" : "Untitled",
        "transform" : [
          0.9997039,
          6.20037e-09,
          0.024335414,
          0,
          0.010864499,
          0.8948096,
          -0.44631574,
          0,
          -0.021775616,
          0.44644785,
          0.8945447,
          0,
          0.11471841,
          0.7125144,
          0.90112233,
          1
        ]
      },
      {
        "date" : 760366357.299606,
        "title" : "Untitled",
        "transform" : [
          0.9997039,
          6.20037e-09,
          0.024335414,
          0,
          0.010864499,
          0.8948096,
          -0.44631574,
          0,
          -0.021775616,
          0.44644785,
          0.8945447,
          0,
          0.18041283,
          0.8247862,
          0.8466891,
          1
        ]
      },
      {
        "date" : 760364929.467799,
        "title" : "Untitled",
        "transform" : [
          0.9997039,
          6.20037e-09,
          0.024335414,
          0,
          0.010864499,
          0.8948096,
          -0.44631574,
          0,
          -0.021775616,
          0.44644785,
          0.8945447,
          0,
          0.091655925,
          0.7259777,
          0.52226186,
          1
        ]
      },
      {
        "date" : 760364237.591062,
        "title" : "Untitled",
        "transform" : [
          0.9997039,
          6.20037e-09,
          0.024335414,
          0,
          0.010864499,
          0.8948096,
          -0.44631574,
          0,
          -0.021775616,
          0.44644785,
          0.8945447,
          0,
          0.106415644,
          0.78065085,
          0.495335,
          1
        ]
      },
      {
        "date" : 760364234.225521,
        "title" : "Untitled",
        "transform" : [
          0.9988406,
          6.2800756e-09,
          0.04814065,
          0,
          0.016691014,
          0.93797106,
          -0.34631148,
          0,
          -0.045154586,
          0.34671333,
          0.9368835,
          0,
          0.09582329,
          0.7042584,
          0.5202863,
          1
        ]
      }
    ],
    "EB11645E-AF4B-411E-AE71-BAA2570CF878" : [
      {
        "date" : 757179326.980969,
        "title" : "Untitled",
        "transform" : [
          1,
          0,
          0,
          0,
          0,
          0.7071069,
          -0.7071067,
          0,
          0,
          0.7071067,
          0.7071069,
          0,
          0,
          0.39830017,
          0.3918634,
          1
        ]
      },
      {
        "date" : 757179322.955484,
        "title" : "Untitled",
        "transform" : [
          1,
          0,
          0,
          0,
          0,
          0.7071069,
          -0.7071067,
          0,
          0,
          0.7071067,
          0.7071069,
          0,
          0,
          0.3332782,
          0.32684132,
          1
        ]
      },
      {
        "date" : 757176234.293929,
        "title" : "Untitled",
        "transform" : [
          1,
          0,
          0,
          0,
          0,
          0.7071069,
          -0.7071067,
          0,
          0,
          0.7071067,
          0.7071069,
          0,
          0,
          0.22136784,
          0.21493089,
          1
        ]
      },
      {
        "date" : 757175009.133618,
        "title" : "Untitled",
        "transform" : [
          1,
          0,
          -0,
          0,
          -0,
          0.7071069,
          -0.7071067,
          0,
          0,
          0.7071067,
          0.7071069,
          0,
          0,
          0.4126763,
          0.40067646,
          1
        ]
      },
      {
        "date" : 757175007.026034,
        "title" : "Untitled",
        "transform" : [
          1,
          0,
          0,
          0,
          0,
          0.7071069,
          -0.7071067,
          0,
          0,
          0.7071067,
          0.7071069,
          0,
          0,
          1.3088197,
          1.2968206,
          1
        ]
      },
      {
        "date" : 757175005.279697,
        "title" : "Untitled",
        "transform" : [
          1,
          0,
          -0,
          0,
          -0,
          0.7071069,
          -0.7071067,
          0,
          0,
          0.7071067,
          0.7071069,
          0,
          0,
          0.20550561,
          0.19350576,
          1
        ]
      }
    ]
  },
  "sceneViewportBackgroundColors" : {

  },
  "selectedSceneRelativePath" : "BubbleScene.usda"
}