{
  "advancedEditorSelectedIdentifier" : "ShaderGraphEditorPluginID",
  "openSceneRelativePaths" : [
    "BubbleScene.usda"
  ],
  "recentIdentifiers" : {
    "C9523ACD-3E03-4681-84D3-B9EBCDBEB497" : [

    ],
    "EB11645E-AF4B-411E-AE71-BAA2570CF878" : [

    ]
  },
  "sceneCameraHistory" : {
    "C9523ACD-3E03-4681-84D3-B9EBCDBEB497" : [
      {
        "date" : 757229764.815568,
        "title" : "Untitled",
        "transform" : [
          0.13020456,
          6.0545136e-10,
          0.99148715,
          0,
          0.42026857,
          0.90571976,
          -0.055190712,
          0,
          -0.8980095,
          0.42387694,
          0.1179288,
          0,
          -1.3399221,
          0.63599783,
          0.31230322,
          1
        ]
      },
      {
        "date" : 757229751.714485,
        "title" : "Untitled",
        "transform" : [
          0.9995611,
          6.850152e-10,
          0.029626416,
          0,
          0.0151454145,
          0.85945386,
          -0.510989,
          0,
          -0.025462579,
          0.5112134,
          0.8590767,
          0,
          0.006499976,
          0.7596576,
          1.2389052,
          1
        ]
      },
      {
        "date" : 757229733.140147,
        "title" : "Untitled",
        "transform" : [
          0.7738933,
          5.76597e-10,
          0.6333161,
          0,
          0.16064878,
          0.9672927,
          -0.19630799,
          0,
          -0.61260206,
          0.25366288,
          0.7485813,
          0,
          -0.6698736,
          0.4019455,
          0.7133149,
          1
        ]
      },
      {
        "date" : 757229718.374166,
        "title" : "Untitled",
        "transform" : [
          0.9905888,
          4.4446968e-10,
          0.13687202,
          0,
          0.026858162,
          0.9805583,
          -0.19438152,
          0,
          -0.134211,
          0.19622828,
          0.97133,
          0,
          -0.0018503666,
          0.20671326,
          0.67809826,
          1
        ]
      },
      {
        "date" : 757229578.195859,
        "title" : "Untitled",
        "transform" : [
          0.9905888,
          4.4446968e-10,
          0.13687202,
          0,
          0.026858162,
          0.9805583,
          -0.19438152,
          0,
          -0.134211,
          0.19622828,
          0.97133,
          0,
          0.0023989677,
          0.25566334,
          0.6687966,
          1
        ]
      },
      {
        "date" : 757229535.55791,
        "title" : "Untitled",
        "transform" : [
          0.9905887,
          -7.2406015e-10,
          0.13687202,
          0,
          0.026858158,
          0.9805582,
          -0.1943815,
          0,
          -0.134211,
          0.19622827,
          0.97133005,
          0,
          0.06655514,
          0.092695475,
          0.8289573,
          1
        ]
      },
      {
        "date" : 757229399.315331,
        "title" : "Untitled",
        "transform" : [
          0.997161,
          -8.6122354e-10,
          0.075299256,
          0,
          0.01896276,
          0.96777093,
          -0.251117,
          0,
          -0.07287244,
          0.25183198,
          0.9650235,
          0,
          0.11700553,
          0.13767932,
          0.8161075,
          1
        ]
      },
      {
        "date" : 757229376.746355,
        "title" : "Untitled",
        "transform" : [
          0.997161,
          -8.6122354e-10,
          0.075299256,
          0,
          0.01896276,
          0.96777093,
          -0.251117,
          0,
          -0.07287244,
          0.25183198,
          0.9650235,
          0,
          0.09108886,
          0.10354482,
          0.6718223,
          1
        ]
      },
      {
        "date" : 757229372.503487,
        "title" : "Untitled",
        "transform" : [
          1,
          0,
          0,
          0,
          0,
          0.7071069,
          -0.70710677,
          0,
          0,
          0.70710677,
          0.7071069,
          0,
          0.09544441,
          0.43981346,
          0.48622468,
          1
        ]
      },
      {
        "date" : 757229345.257993,
        "title" : "Untitled",
        "transform" : [
          1,
          0,
          0,
          0,
          0,
          0.7071069,
          -0.70710677,
          0,
          0,
          0.70710677,
          0.7071069,
          0,
          0.09655836,
          0.45477912,
          0.47125903,
          1
        ]
      }
    ],
    "EB11645E-AF4B-411E-AE71-BAA2570CF878" : [
      {
        "date" : 757179326.980969,
        "title" : "Untitled",
        "transform" : [
          1,
          0,
          0,
          0,
          0,
          0.7071069,
          -0.7071067,
          0,
          0,
          0.7071067,
          0.7071069,
          0,
          0,
          0.39830017,
          0.3918634,
          1
        ]
      },
      {
        "date" : 757179322.955484,
        "title" : "Untitled",
        "transform" : [
          1,
          0,
          0,
          0,
          0,
          0.7071069,
          -0.7071067,
          0,
          0,
          0.7071067,
          0.7071069,
          0,
          0,
          0.3332782,
          0.32684132,
          1
        ]
      },
      {
        "date" : 757176234.293929,
        "title" : "Untitled",
        "transform" : [
          1,
          0,
          0,
          0,
          0,
          0.7071069,
          -0.7071067,
          0,
          0,
          0.7071067,
          0.7071069,
          0,
          0,
          0.22136784,
          0.21493089,
          1
        ]
      },
      {
        "date" : 757175009.133618,
        "title" : "Untitled",
        "transform" : [
          1,
          0,
          -0,
          0,
          -0,
          0.7071069,
          -0.7071067,
          0,
          0,
          0.7071067,
          0.7071069,
          0,
          0,
          0.4126763,
          0.40067646,
          1
        ]
      },
      {
        "date" : 757175007.026034,
        "title" : "Untitled",
        "transform" : [
          1,
          0,
          0,
          0,
          0,
          0.7071069,
          -0.7071067,
          0,
          0,
          0.7071067,
          0.7071069,
          0,
          0,
          1.3088197,
          1.2968206,
          1
        ]
      },
      {
        "date" : 757175005.279697,
        "title" : "Untitled",
        "transform" : [
          1,
          0,
          -0,
          0,
          -0,
          0.7071069,
          -0.7071067,
          0,
          0,
          0.7071067,
          0.7071069,
          0,
          0,
          0.20550561,
          0.19350576,
          1
        ]
      }
    ]
  },
  "sceneViewportBackgroundColors" : {

  },
  "selectedSceneRelativePath" : "BubbleScene.usda"
}